     1.00000    0.18809
     0.99194    0.16622
     0.98100    0.13425
     0.96835    0.09652
     0.95434    0.05530
     0.93942    0.01319
     0.92398   -0.02789
     0.90825   -0.06704
     0.89237   -0.10399
     0.87641   -0.13882
     0.86039   -0.17174
     0.84434   -0.20301
     0.82826   -0.23284
     0.81217   -0.26146
     0.79605   -0.28902
     0.77991   -0.31569
     0.76377   -0.34158
     0.74760   -0.36681
     0.73143   -0.39146
     0.71524   -0.41560
     0.69905   -0.43931
     0.68285   -0.46263
     0.66664   -0.48560
     0.65043   -0.50825
     0.63421   -0.53059
     0.61799   -0.55260
     0.60178   -0.57426
     0.58556   -0.59547
     0.56935   -0.61609
     0.55314   -0.63586
     0.53694   -0.65437
     0.52075   -0.67114
     0.50457   -0.68670
     0.48841   -0.70937
     0.47227   -0.78040
     0.45615   -0.88201
     0.44006   -0.89730
     0.42404   -0.91353
     0.40811   -0.93102
     0.39234   -0.95108
     0.37675   -0.97372
     0.36126   -0.99768
     0.34584   -1.02166
     0.33047   -1.04480
     0.31517   -1.06669
     0.29992   -1.08715
     0.28473   -1.10611
     0.26962   -1.12357
     0.25458   -1.13950
     0.23963   -1.15391
     0.22478   -1.16680
     0.21004   -1.17815
     0.19543   -1.18797
     0.18096   -1.19625
     0.16667   -1.20302
     0.15258   -1.20829
     0.13873   -1.21209
     0.12517   -1.21450
     0.11199   -1.21558
     0.09929   -1.21545
     0.08719   -1.21425
     0.07583   -1.21211
     0.06539   -1.20915
     0.05596   -1.20542
     0.04762   -1.20085
     0.04035   -1.19520
     0.03406   -1.18804
     0.02865   -1.17884
     0.02400   -1.16680
     0.01999   -1.15098
     0.01652   -1.13015
     0.01351   -1.10273
     0.01090   -1.06674
     0.00863   -1.01964
     0.00668   -0.95827
     0.00500   -0.87882
     0.00358   -0.77694
     0.00241   -0.64826
     0.00147   -0.48941
     0.00077   -0.29994
     0.00029   -0.08463
     0.00004    0.14497
     0.00001    0.36867
     0.00020    0.58337
     0.00064    0.77125
     0.00136    0.90941
     0.00237    0.98385
     0.00366    0.99883
     0.00523    0.96887
     0.00708    0.91166
     0.00919    0.84077
     0.01159    0.76616
     0.01430    0.69262
     0.01734    0.62349
     0.02076    0.55960
     0.02462    0.50149
     0.02900    0.44901
     0.03400    0.40194
     0.03975    0.36001
     0.04640    0.32297
     0.05412    0.29073
     0.06306    0.26329
     0.07332    0.24067
     0.08491    0.22277
     0.09773    0.20931
     0.11157    0.19977
     0.12622    0.19348
     0.14149    0.18975
     0.15720    0.18798
     0.17326    0.18763
     0.18957    0.18831
     0.20610    0.18970
     0.22279    0.19152
     0.23962    0.19360
     0.25656    0.19575
     0.27357    0.19783
     0.29062    0.19973
     0.30764    0.20131
     0.32461    0.20246
     0.34154    0.20306
     0.35843    0.20294
     0.37529    0.20184
     0.39214    0.19924
     0.40906    0.19401
     0.42605    0.19060
     0.44309    0.18838
     0.46016    0.18696
     0.47727    0.18611
     0.49440    0.18565
     0.51153    0.18546
     0.52865    0.18546
     0.54575    0.18558
     0.56284    0.18577
     0.57991    0.18599
     0.59697    0.18621
     0.61401    0.18641
     0.63103    0.18657
     0.64805    0.18668
     0.66505    0.18672
     0.68205    0.18668
     0.69904    0.18657
     0.71603    0.18637
     0.73301    0.18609
     0.74998    0.18573
     0.76696    0.18530
     0.78393    0.18479
     0.80091    0.18423
     0.81788    0.18364
     0.83486    0.18303
     0.85183    0.18243
     0.86879    0.18190
     0.88574    0.18148
     0.90262    0.18126
     0.91938    0.18134
     0.93586    0.18187
     0.95179    0.18302
     0.96673    0.18494
     0.98013    0.18742
     0.99161    0.19103
     1.00000    0.18809
