     1.00000    0.20391
     0.99194    0.17401
     0.98100    0.13325
     0.96835    0.09015
     0.95434    0.04746
     0.93942    0.00718
     0.92398   -0.02990
     0.90825   -0.06384
     0.89237   -0.09497
     0.87641   -0.12370
     0.86039   -0.15042
     0.84434   -0.17541
     0.82826   -0.19893
     0.81217   -0.22116
     0.79605   -0.24223
     0.77991   -0.26226
     0.76377   -0.28129
     0.74760   -0.29934
     0.73143   -0.31640
     0.71524   -0.33237
     0.69905   -0.34714
     0.68285   -0.36062
     0.66664   -0.37326
     0.65043   -0.38820
     0.63421   -0.41715
     0.61799   -0.47450
     0.60178   -0.50367
     0.58556   -0.51232
     0.56935   -0.52285
     0.55314   -0.53441
     0.53694   -0.54680
     0.52075   -0.55993
     0.50457   -0.57380
     0.48841   -0.58840
     0.47227   -0.60372
     0.45615   -0.61982
     0.44006   -0.63678
     0.42404   -0.65479
     0.40811   -0.67427
     0.39234   -0.69621
     0.37675   -0.71486
     0.36126   -0.73053
     0.34584   -0.74354
     0.33047   -0.75415
     0.31517   -0.76251
     0.29992   -0.76867
     0.28473   -0.77265
     0.26962   -0.77444
     0.25458   -0.77398
     0.23963   -0.77121
     0.22478   -0.76603
     0.21004   -0.75833
     0.19543   -0.74798
     0.18096   -0.73482
     0.16667   -0.71867
     0.15258   -0.69934
     0.13873   -0.67659
     0.12517   -0.65018
     0.11199   -0.61985
     0.09929   -0.58539
     0.08719   -0.54665
     0.07583   -0.50363
     0.06539   -0.45653
     0.05596   -0.40571
     0.04762   -0.35162
     0.04035   -0.29463
     0.03406   -0.23492
     0.02865   -0.17242
     0.02400   -0.10681
     0.01999   -0.03762
     0.01652    0.03577
     0.01351    0.11403
     0.01090    0.19784
     0.00863    0.28773
     0.00668    0.38394
     0.00500    0.48618
     0.00358    0.59289
     0.00241    0.70118
     0.00147    0.80522
     0.00077    0.89686
     0.00029    0.96491
     0.00004    0.99819
     0.00001    0.98829
     0.00020    0.92777
     0.00064    0.81127
     0.00136    0.64915
     0.00237    0.46343
     0.00366    0.28065
     0.00523    0.11863
     0.00708   -0.01414
     0.00919   -0.11760
     0.01159   -0.19511
     0.01430   -0.25129
     0.01734   -0.29045
     0.02076   -0.31621
     0.02462   -0.33138
     0.02900   -0.33807
     0.03400   -0.33784
     0.03975   -0.33186
     0.04640   -0.32098
     0.05412   -0.30587
     0.06306   -0.28721
     0.07332   -0.26574
     0.08491   -0.24233
     0.09773   -0.21794
     0.11157   -0.19343
     0.12622   -0.16951
     0.14149   -0.14661
     0.15720   -0.12498
     0.17326   -0.10471
     0.18957   -0.08581
     0.20610   -0.06827
     0.22279   -0.05203
     0.23962   -0.03706
     0.25656   -0.02331
     0.27357   -0.01075
     0.29062    0.00062
     0.30764    0.01077
     0.32461    0.01966
     0.34154    0.02718
     0.35843    0.03310
     0.37529    0.03681
     0.39214    0.03668
     0.40906    0.04456
     0.42605    0.05782
     0.44309    0.06497
     0.46016    0.06788
     0.47727    0.06997
     0.49440    0.07236
     0.51153    0.07520
     0.52865    0.07840
     0.54575    0.08183
     0.56284    0.08539
     0.57991    0.08900
     0.59697    0.09260
     0.61401    0.09616
     0.63103    0.09965
     0.64805    0.10306
     0.66505    0.10637
     0.68205    0.10958
     0.69904    0.11269
     0.71603    0.11570
     0.73301    0.11863
     0.74998    0.12148
     0.76696    0.12427
     0.78393    0.12703
     0.80091    0.12979
     0.81788    0.13259
     0.83486    0.13546
     0.85183    0.13849
     0.86879    0.14175
     0.88574    0.14536
     0.90262    0.14946
     0.91938    0.15428
     0.93586    0.16008
     0.95179    0.16723
     0.96673    0.17614
     0.98013    0.18678
     0.99161    0.20082
     1.00000    0.20391
