-5.728536746116306144e-01
-5.178543991811115355e-01
-4.484176795291068829e-01
-3.685036166088896947e-01
-2.829560164771751651e-01
-1.972996660442842831e-01
-1.173572263508919078e-01
-4.873349142441531223e-02
3.719977054656518206e-03
3.633578439038089025e-02
4.688499487335685140e-02
3.466170466948031992e-02
4.593257611981131790e-04
-5.349881877742018038e-02
-1.236547969098896194e-01
-2.052704102530041042e-01
-2.927000727675058145e-01
-3.798190049513030520e-01
-4.605764751076117380e-01
-5.295689136720386214e-01
-5.824959139422757337e-01
-6.164013717638819889e-01
-6.296911445602354496e-01
-6.220028859092252560e-01
-6.234708489443773205e-01