-4.953328117287141841e-01
-4.715248503903914923e-01
-4.372129818582309868e-01
-3.944699935778835376e-01
-3.459453537528253686e-01
-2.947356010509889490e-01
-2.441970953694708457e-01
-1.977114662675376056e-01
-1.584302562070752929e-01
-1.290328553166301961e-01
-1.115274466859191987e-01
-1.071117147518305113e-01
-1.160963541787733699e-01
-1.378869136960256259e-01
-1.710200463058827447e-01
-2.132549976403081970e-01
-2.617235972475426831e-01
-3.131371156068388784e-01
-3.640360741329363714e-01
-4.110550674167664509e-01
-4.511671625239784267e-01
-4.818770573542732749e-01
-5.013477106790507065e-01
-5.084641655906632085e-01
-5.147413807294415333e-01
