-3.984629009456161497e-01
-3.927773732214661084e-01
-3.828140234853518176e-01
-3.692103016735307497e-01
-3.528407142724832579e-01
-3.347638920291582942e-01
-3.161564338466143487e-01
-2.982370697194292597e-01
-2.821860191700166776e-01
-2.690653463500293219e-01
-2.597463591080256262e-01
-2.548496122888163629e-01
-2.547020090719495089e-01
-2.593141025443844172e-01
-2.683792006485308801e-01
-2.812943709994412123e-01
-2.972019280525987628e-01
-3.150484594732571586e-01
-3.336570024551152036e-01
-3.518068298588517551e-01
-3.683147183453095996e-01
-3.821117287589653744e-01
-3.923104105288577337e-01
-3.982586962115105544e-01
-4.011125856511992827e-01
