-0.35471102
-0.35963284
-0.28635879
-0.25662144
-0.22126565
-0.18022934
-0.13436467
-0.08481935
-0.03288275
0.02008163
0.07268468
0.12355514
0.17137948
0.21493719
0.25312953
0.28500149
0.30975716
0.32677017
0.33559119
0.33595435
0.3277841
0.31120276
0.28653826
0.25433031
0.21533225
0.17050585
0.12100607
0.06815393
0.01339711
-0.04174001
-0.09571353
-0.14701936
-0.19424927
-0.23613905
-0.27160533
-0.29976993
-0.3199726
-0.33177421
-0.33495363
-0.33779629



-0.25734482
-0.13998961
0.18065145
0.39531001
0.42526682
0.26141812
-0.02781048
-0.30928064
-0.4414043
-0.48508026






-0.35936813
-0.36580513
-0.30192867
-0.29710876
-0.2903118
-0.28145122
-0.27056721
-0.25774674
-0.2430967
-0.22673496
-0.20878728
-0.1893862
-0.16867055
-0.14678507
-0.12387994
-0.10011027
-0.07563531
-0.05061767
-0.02522238
0.00038417
0.02603524
0.05156492
0.07680915
0.10160685
0.1258009
0.14923914
0.17177522
0.19326939
0.21358918
0.23261
0.25021565
0.26629876
0.28076109
0.29351392
0.30447823
0.31358498
0.32077537
0.32600099
0.32922413
0.330418
0.329567
0.32666699
0.32172562
0.31476257
0.30580982
0.29491194
0.28212619
0.26752269
0.25118438
0.23320694
0.21369851
0.19277929
0.17058094
0.14724584
0.12292612
0.09778253
0.07198317
0.04570202
0.01911744
-0.00758952
-0.0342368
-0.06064302
-0.08662918
-0.11202028
-0.1366468
-0.16034615
-0.18296389
-0.2043548
-0.22438383
-0.2429268
-0.259871
-0.27511561
-0.288572
-0.30016383
-0.30982722
-0.31751065
-0.32317495
-0.32679317
-0.32835047
-0.32990795