-1.566885897164446595e+00
-6.189190533307579178e-01
-4.922306310180037392e-01
-4.102759934028969435e-01
-3.258637193951232636e-01
-2.389262908663942198e-01
-1.542725620737497583e-01
-7.770935711119737743e-02
-1.480505037528941428e-02
2.981494281150808695e-02
5.289111568662991508e-02
5.272104511475494970e-02
2.918631159289727592e-02
-1.630163886169434459e-02
-8.088329646559359876e-02
-1.603652531698806782e-01
-2.494203382607672603e-01
-3.419341325461049408e-01
-4.315111320543205120e-01
-5.120733254781028032e-01
-5.784191697945197941e-01
-6.266096499112251417e-01
-6.541175442890220237e-01
-6.597736597342005460e-01
-6.436116855824690619e-01
-6.067212324540420809e-01
-5.511756405328230857e-01
-4.800361610124872502e-01
-3.973745260472024698e-01
-3.082218347660112823e-01
-2.183582215883500544e-01
-1.339105479979497415e-01
-6.080776677548572345e-02
-4.213512791604410480e-03
3.193173546892814907e-02
4.518103273869827907e-02
3.467055156117190146e-02
1.094392927274897946e-03
-5.336658001443707333e-02
-1.251379243643262196e-01
-2.094000065756089213e-01
-3.003553490315593599e-01
-3.916579977671806878e-01
-4.769793655099741625e-01
-5.506053169006259740e-01
-6.079220629045822832e-01
-6.456851400191170320e-01
-6.620568178543249083e-01
-6.564863602184326519e-01
-6.295465624068039556e-01
-5.828194001031196114e-01
-5.188657368714612028e-01
-4.412487909044055523e-01
-3.545320466586259767e-01
-2.641569890192937975e-01
-1.761360886739145037e-01
-9.656793091742597868e-02
-3.106381575087271626e-02
1.577930034277956819e-02
4.074739242906371545e-02
4.218369411564922705e-02
2.001114385031987908e-02
-2.432226715849034743e-02
-8.792480304652355860e-02
-1.665746225328656460e-01
-2.549196019037437977e-01
-3.468237430483664951e-01
-4.358733433562345105e-01
-5.159755637628810065e-01
-5.819172549241321546e-01
-6.297506561644169443e-01
-6.569421084244314590e-01
-6.623176448197849453e-01
-6.459072366875517890e-01
-6.087973554373194984e-01
-5.530584691924709251e-01
-4.817490598526901757e-01
-3.989381342330288183e-01
-3.096541175650629474e-01
-2.196745706537512055e-01
-1.351239580170562893e-01
-6.192910203740930458e-02
-5.251855116914609656e-03
3.096869272235205570e-02
4.428659850265843911e-02
3.383871266181035647e-02
3.195877502599135233e-04
-5.408957858676827213e-02
-1.258140276180363393e-01
-2.100337562031882876e-01
-3.009508263155639685e-01
-3.922187359597807954e-01
-4.775083035903294193e-01
-5.511048201058315055e-01
-6.083940127742555326e-01
-6.461310726098947743e-01
-6.624780746152401090e-01
-6.568842174734106365e-01
-6.603664315650341621e-01
