-1.082300199937202834e-01
-1.142678736911115767e-01
-1.082300199937202834e-01
-1.082300199937202834e-01
-1.142678736911115767e-01
-1.082300199937205054e-01
-1.162260810946760259e-01
-1.365387192176277242e-01
-1.277624807277337737e-01
-1.326083633937535922e-01
-1.689611629970784179e-01
-1.576713048712432563e-01
-1.108073437022965013e-01
-1.340937055344644246e-01
-1.249875959929740432e-01
-1.303574788640793347e-01
-1.741890043281333345e-01
-1.615349154537719656e-01
-9.920149554005663894e-02
-1.230192258607507583e-01
-1.142865762248290729e-01
-1.194363605989141597e-01
-1.658868506564017409e-01
-1.529704271097351853e-01
-8.255057881784710894e-02
-1.051391522206746032e-01
-9.731815749795669213e-02
-1.018899489426505767e-01
-1.473161161037290778e-01
-1.350268562957810392e-01
-6.187265571939093434e-02
-8.180303365889574074e-02
-7.532509117826768907e-02
-7.915276885310174038e-02
-1.204568353441983763e-01
-1.095531567157930208e-01
-3.824599852626886509e-02
-5.435440633923471765e-02
-4.955425761657084038e-02
-5.257432063530687039e-02
-8.712447959198588165e-02
-7.823779758313387234e-02
-1.281608209598772419e-02
-2.419671479413620929e-02
-2.131572352501498457e-02
-2.350223370757364982e-02
-4.917659981809263670e-02
-4.280688926710696229e-02
1.323345533710129640e-02
7.222270420437215677e-03
8.033376084575771792e-03
6.718153581449559653e-03
-8.532935860047885512e-03
-5.045487655577884922e-03
3.871870921540854216e-02
3.844734641253721996e-02
3.712585336133278346e-02
3.676151889162637687e-02
3.285657923138995962e-02
3.323301390632737995e-02
6.249469718236000393e-02
6.805794009705379288e-02
6.462723600465247742e-02
6.534219957057241235e-02
7.305967163773452455e-02
7.023459982668722734e-02
8.349378978797095119e-02
9.471133454379176975e-02
8.927990116949791055e-02
9.123483398225029628e-02
1.102157464602925296e-01
1.042389580600572296e-01
1.007631640064983181e-01
1.171869634351808687e-01
1.099476650335992067e-01
1.132996214774923960e-01
1.425949124937931911e-01
1.336578171163991247e-01
1.135013327412895956e-01
1.344321680675047981e-01
1.256604473738183181e-01
1.305159054775513194e-01
1.686621972944908343e-01
1.570962920164956644e-01
1.210932105997195585e-01
1.456085693143944759e-01
1.356577363010578186e-01
1.420253200466783383e-01
1.871451377873687427e-01
1.734149974726294507e-01
1.231421598453474875e-01
1.501363492627731944e-01
1.394282370587797137e-01
1.471820993866254090e-01
1.971000073961358678e-01
1.817886495490377285e-01
1.194964443032013879e-01
1.477321656409068540e-01
1.367420370780748629e-01
1.456046728083973951e-01
1.979697668141650047e-01
1.817553864998933122e-01
1.102668906305764862e-01
1.384357456310566503e-01
1.276713080698977931e-01
1.372204995895852653e-01
1.896262514624212914e-01
1.732507652992392178e-01
9.583257510697640313e-02
1.226206515566954369e-01
1.125961231692427233e-01
1.222958706353265423e-01
1.723902237113494884e-01
1.566214131188505831e-01
7.683208074158043299e-02
1.009861434293032323e-01
9.219324849959642521e-02
1.014440806045291410e-01
1.470253069659096523e-01
1.326153264590915759e-01
5.413916663877071933e-02
7.452910424567116277e-02
6.740746776825023989e-02
7.560836971316342581e-02
1.147048536762149684e-01
1.023483373172014987e-01
2.882328774524489656e-02
4.449717882027903748e-02
3.940676402018727931e-02
4.601951163838557957e-02
7.695384334665256176e-02
6.724880571513802696e-02
2.096982561760718511e-03
1.232618149588027290e-02
9.524199724159299052e-03
1.413109225262265678e-02
3.557041007067840432e-02
2.898470223215454666e-02
-2.474656783930373471e-02
-2.043385373637995883e-02
-2.080962497264193800e-02
-1.846216801293354415e-02
-7.466851268081553528e-03
-1.062143974523377388e-02
-5.040168841624126372e-02
-5.219901296561313409e-02
-5.013920441790165050e-02
-5.011647346153580429e-02
-5.009925821524596756e-02
-4.968388115546407136e-02
-7.361962970395152794e-02
-8.143332843210027150e-02
-7.705760820913387654e-02
-7.923457146716406108e-02
-9.029020267139054035e-02
-8.634608065475091188e-02
-9.327490815458117090e-02
-1.067276508160608373e-01
-1.002769961979221858e-01
-1.043584521623741601e-01
-1.261244303871851269e-01
-1.188699521449243512e-01
-1.084245386791660160e-01
-1.268716383003185566e-01
-1.186928310222430394e-01
-1.242531269152571394e-01
-1.559008534104671106e-01
-1.457187804922315255e-01
-1.183565640138777297e-01
-1.409152352691622756e-01
-1.314387555930152107e-01
-1.379758228860923364e-01
-1.782156760126842876e-01
-1.656310116045947023e-01
-1.226248383625390126e-01
-1.482161231099807797e-01
-1.379292214241523151e-01
-1.449252837215300183e-01
-1.920321479587110414e-01
-1.776818403210149722e-01
