-1.306551570687577435e-01
-1.569559284498469598e-01
-1.628345440141925060e-01
-1.569559284498471818e-01
-1.306551570687575214e-01
-1.525626299735072244e-01
-1.866549837236597398e-01
-1.943145496270681782e-01
-1.866549837236599618e-01
-1.525626299735076685e-01
-1.306551570687575214e-01
-1.569559284498476259e-01
-1.628345440141931721e-01
-1.569559284498474039e-01
-1.306551570687575214e-01
-1.264997449854468048e-01
-1.570654598592571283e-01
-1.652190452866952874e-01
-1.570654598592573503e-01
-1.264997449854463607e-01
-1.564698697351205592e-01
-2.036206008937540002e-01
-2.170618217466817601e-01
-2.036206008937542222e-01
-1.564698697351210033e-01
-1.581925246882349700e-01
-2.156337836016903875e-01
-2.306573976628116807e-01
-2.156337836016903875e-01
-1.581925246882351921e-01
-9.116748283214581861e-02
-1.160751252782981080e-01
-1.233984907096989936e-01
-1.160751252782981080e-01
-9.116748283214515247e-02
-1.172847182090672735e-01
-1.594696880416326401e-01
-1.729541513160322008e-01
-1.594696880416324181e-01
-1.172847182090672735e-01
-1.299335605393057147e-01
-1.912985607686343847e-01
-2.089807539993100427e-01
-1.912985607686339407e-01
-1.299335605393057147e-01
-4.451722915823674853e-02
-5.936214927535243824e-02
-6.427798729978606573e-02
-5.936214927535243824e-02
-4.451722915823674853e-02
-6.151896235343379260e-02
-8.966194543880301460e-02
-9.971171871640982509e-02
-8.966194543880301460e-02
-6.151896235343401464e-02
-7.836288508529731800e-02
-1.262819016749312517e-01
-1.411879386552032933e-01
-1.262819016749308076e-01
-7.836288508529709596e-02
-7.431597484913066154e-03
-1.293492507309879080e-02
-1.525767537037236998e-02
-1.293492507309856876e-02
-7.431597484912622065e-03
-1.508962141872549623e-02
-2.820359026264251945e-02
-3.371183546561051791e-02
-2.820359026264229740e-02
-1.508962141872616236e-02
-2.993479947510802042e-02
-5.760516361782253014e-02
-6.698675813773435905e-02
-5.760516361782230810e-02
-2.993479947510802042e-02
4.175252736413725962e-03
3.077529528865419195e-03
2.296872886255907353e-03
3.077529528865197150e-03
4.175252736413948007e-03
1.866860894268240756e-03
-2.405841877620940039e-03
-4.644085288430854774e-03
-2.405841877621162084e-03
1.866860894267796667e-03
-6.163555937624298764e-03
-1.787919725025455264e-02
-2.235201739330849868e-02
-1.787919725025455264e-02
-6.163555937624520809e-03
-1.493931651757485213e-02
-1.865808116393297134e-02
-1.969195166322235124e-02
-1.865808116393274929e-02
-1.493931651757463008e-02
-1.848497230218892895e-02
-2.434731479124851994e-02
-2.616968424063448317e-02
-2.434731479124851994e-02
-1.848497230218937304e-02
-1.839708211740043176e-02
-2.608173556235149348e-02
-2.867323071738114848e-02
-2.608173556235127144e-02
-1.839708211740043176e-02
-5.717858001096232101e-02
-6.968440215808402449e-02
-7.273709400133676617e-02
-6.968440215808402449e-02
-5.717858001096187692e-02
-6.844320857783636747e-02
-8.605184636530283093e-02
-9.056388948550031515e-02
-8.605184636530283093e-02
-6.844320857783658951e-02
-6.308489811070616682e-02
-8.050373422212575569e-02
-8.501861907981367317e-02
-8.050373422212575569e-02
-6.308489811070594477e-02
-1.048970688740626933e-01
-1.287476444368871320e-01
-1.347673873905799180e-01
-1.287476444368875761e-01
-1.048970688740626933e-01
-1.272550814369521888e-01
-1.619941042856811730e-01
-1.712173764570532608e-01
-1.619941042856811730e-01
-1.272550814369524108e-01
-1.219458661162500235e-01
-1.589667725378969276e-01
-1.684366930635616821e-01
-1.589667725378964835e-01
-1.219458661162500235e-01
-1.377512587996219118e-01
-1.706417912138411541e-01
-1.793154933975318333e-01
-1.706417912138411541e-01
-1.377512587996216897e-01
-1.697161082592837378e-01
-2.197160074449737710e-01
-2.337477095840569952e-01
-2.197160074449735490e-01
-1.697161082592837378e-01
-1.694627589706647619e-01
-2.281765437518712414e-01
-2.437595051193239826e-01
-2.281765437518705752e-01
-1.694627589706647619e-01
-1.416745556414724660e-01
-1.773987837860286909e-01
-1.872768654903571584e-01
-1.773987837860286909e-01
-1.416745556414722440e-01
-1.775232638850758882e-01
-2.344098726461805171e-01
-2.513700099481721573e-01
-2.344098726461807392e-01
-1.775232638850756661e-01
-1.848782822788579416e-01
-2.586645826007167859e-01
-2.791835083466158718e-01
-2.586645826007167859e-01
-1.848782822788579416e-01
-1.151723968318794089e-01
-1.463941527054730685e-01
-1.555334532849483864e-01
-1.463941527054730685e-01
-1.151723968318789648e-01
-1.476775518544060084e-01
-2.002380145041051662e-01
-2.170046488355379388e-01
-2.002380145041051662e-01
-1.476775518544066745e-01
-1.621921647447470693e-01
-2.379479714617303010e-01
-2.601155195120832264e-01
-2.379479714617300790e-01
-1.621921647447470693e-01
-6.976933019670128466e-02
-9.121425713533382051e-02
-9.802376117222832974e-02
-9.121425713533382051e-02
-6.976933019670128466e-02
-9.343014336924726493e-02
-1.324634639555766213e-01
-1.459627956061562148e-01
-1.324634639555768434e-01
-9.343014336924793106e-02
-1.122164812180905802e-01
-1.755471590037032126e-01
-1.950965057160474192e-01
-1.755471590037027685e-01
-1.122164812180905802e-01
-2.462539956956200093e-02
-3.515772616110601767e-02
-3.903596646274865023e-02
-3.515772616110623972e-02
-2.462539956956177889e-02
-3.768566259709205113e-02
-5.973462506089344259e-02
-6.827926466591804910e-02
-5.973462506089344259e-02
-3.768566259709227317e-02
-5.609074695453708514e-02
-9.788637962440782658e-02
-1.116175081021903992e-01
-9.788637962440760454e-02
-5.609074695453730719e-02
1.562012616834973500e-03
-1.368084869310726148e-03
-2.912471913584679939e-03
-1.368084869310948193e-03
1.562012616835084522e-03
-3.300178233261119587e-03
-1.190158354776071903e-02
-1.593592307531932484e-02
-1.190158354776049698e-02
-3.300178233261119587e-03
-1.625251038739916609e-02
-3.700694573777707497e-02
-4.447767000961233563e-02
-3.700694573777663088e-02
-1.625251038739916609e-02
-2.107312184923548770e-03
-3.886647381248442557e-03
-4.663562295667889046e-03
-3.886647381248664601e-03
-2.107312184922882636e-03
-4.510509223536018908e-03
-8.801760072281616942e-03
-1.068853105295497485e-02
-8.801760072281838987e-03
-4.510509223536240953e-03
-9.045522230196834101e-03
-1.828394442304359657e-02
-2.181144762491871170e-02
-1.828394442304315248e-02
-9.045522230196834101e-03
-3.434773316376515950e-02
-4.203036318663300186e-02
-4.395755378355437060e-02
-4.203036318663322390e-02
-3.434773316376471541e-02
-4.130478844463048027e-02
-5.236636259381111103e-02
-5.534599328787837003e-02
-5.236636259381111103e-02
-4.130478844463092436e-02
-3.843697262822898253e-02
-5.017681720999833672e-02
-5.354651191313486436e-02
-5.017681720999811468e-02
-3.843697262822898253e-02
-8.182478923830704964e-02
-1.000901938061362628e-01
-1.046267989237756879e-01
-1.000901938061364849e-01
-8.182478923830660555e-02
-9.865090682500676778e-02
-1.248297177749164710e-01
-1.316554631250574925e-01
-1.248297177749166931e-01
-9.865090682500698982e-02
-9.288149896268516059e-02
-1.197928212965073680e-01
-1.266778033118749480e-01
-1.197928212965073680e-01
-9.288149896268560468e-02
-1.244068945785199443e-01
-1.534280756122887723e-01
-1.609239067185879168e-01
-1.534280756122889944e-01
-1.244068945785197222e-01
-1.521604006909325069e-01
-1.953894274880167981e-01
-2.072038376094917922e-01
-1.953894274880170201e-01
-1.521604006909325069e-01
-1.490542537010339785e-01
-1.975492635039588496e-01
-2.101877027445193669e-01
-1.975492635039588496e-01
-1.490542537010342006e-01
-1.438218024804638340e-01
-1.791004631565433769e-01
-1.886273384682877197e-01
-1.791004631565433769e-01
-1.438218024804636119e-01
-1.786820635544754676e-01
-2.335696921446537289e-01
-2.494491946474604038e-01
-2.335696921446537289e-01
-1.786820635544759117e-01
-1.822282211428660759e-01
-2.500256473749959962e-01
-2.684477933602900102e-01
-2.500256473749955521e-01
-1.822282211428660759e-01
