0.000000000000000000e+00
2.564565431501871773e-01
5.129130863003743546e-01
7.693696294505615318e-01
1.025826172600748709e+00
1.282282715750935775e+00
1.538739258901123064e+00
1.795195802051310352e+00
2.051652345201497418e+00
2.308108888351684485e+00
2.564565431501871551e+00
2.821021974652059061e+00
3.077478517802246127e+00
3.333935060952433194e+00
3.590391604102620704e+00
3.846848147252807770e+00
4.103304690402994837e+00
4.359761233553181903e+00
4.616217776703368969e+00
4.872674319853556035e+00
5.129130863003743102e+00
5.385587406153931056e+00
5.642043949304118122e+00
5.898500492454305189e+00
6.154957035604492255e+00
6.411413578754679321e+00
6.667870121904866387e+00
6.924326665055053454e+00
7.180783208205241408e+00
7.437239751355428474e+00
7.693696294505615541e+00
7.950152837655802607e+00
8.206609380805989673e+00
8.463065923956177627e+00
8.719522467106363806e+00
8.975979010256551760e+00
9.232435553406737938e+00
9.488892096556925893e+00
9.745348639707112071e+00
1.000180518285730003e+01
1.025826172600748620e+01
1.051471826915767416e+01
1.077117481230786211e+01
1.102763135545804829e+01
1.128408789860823624e+01
1.154054444175842242e+01
1.179700098490861038e+01
1.205345752805879656e+01
1.230991407120898451e+01
1.256637061435917246e+01
1.282282715750935864e+01
1.307928370065954660e+01
1.333574024380973277e+01
1.359219678695992073e+01
1.384865333011010691e+01
1.410510987326029486e+01
1.436156641641048282e+01
1.461802295956066899e+01
1.487447950271085695e+01
1.513093604586104313e+01
1.538739258901123108e+01
1.564384913216141726e+01
1.590030567531160521e+01
1.615676221846179317e+01
1.641321876161197935e+01
1.666967530476216552e+01
1.692613184791235525e+01
1.718258839106254143e+01
1.743904493421272761e+01
1.769550147736291379e+01
1.795195802051310352e+01
1.820841456366328970e+01
1.846487110681347588e+01
1.872132764996366561e+01
1.897778419311385179e+01
1.923424073626403796e+01
1.949069727941422414e+01
1.974715382256441387e+01
2.000361036571460005e+01
2.026006690886478623e+01
2.051652345201497241e+01
2.077297999516516214e+01
2.102943653831534832e+01
2.128589308146553449e+01
2.154234962461572422e+01
2.179880616776591040e+01
2.205526271091609658e+01
2.231171925406628276e+01
2.256817579721647249e+01
2.282463234036665867e+01
2.308108888351684485e+01
2.333754542666703458e+01
2.359400196981722075e+01
2.385045851296740693e+01
2.410691505611759311e+01
2.436337159926778284e+01
2.461982814241796902e+01
2.487628468556815520e+01
2.513274122871834493e+01
