-2.119429427467981
-0.7319544816628427
-0.6486715970359872
-0.574925457697649
-0.49681859285429064
-0.41365011453404044
-0.3279614694659357
-0.24321081486702148
-0.16305054312422892
-0.0909788256466058
-0.030128064662538326
0.01687774171817697
0.04802341144706424
0.061972607957964616
0.05811206857918529
0.03657040498936815
-0.0017900748511997077
-0.05540983753885944
-0.12209631627755586
-0.19911270926525768
-0.2832862206385387
-0.37112989738495133
-0.45897314748132606
-0.5430980813735931
-0.6198809318860575
-0.6859387293102266
-0.738280239732438
-0.7744568263824223
-0.7927042683179827
-0.7920623327101551
