-0.1893389727759519
-0.16653829290968644
-0.19845942478170114
-0.17426779899080277
-0.18933897277595188
-0.16653829290968647
-0.20884847037634233
-0.22032368427378815
-0.22148158867675746
-0.23346683706214744
-0.2088484703763423
-0.22032368427378818
-0.21729587784799304
-0.24846881724919012
-0.23263524868124993
-0.2662155528727326
-0.217295877847993
-0.24846881724919007
-0.21724838423481074
-0.26095380055682316
-0.23453003317074536
-0.2823942837848375
-0.21724838423481074
-0.26095380055682316
-0.21014946927140168
-0.2617938006182189
-0.22863015617412577
-0.28594493849029806
-0.2101494692714017
-0.261793800618219
-0.19718561870337925
-0.2533585773613509
-0.21615912120280595
-0.2792120362216234
-0.1971856187033793
-0.25335857736135103
-0.17951579733527556
-0.23748680631485256
-0.19833687664694483
-0.2640668854909706
-0.17951579733527553
-0.23748680631485267
-0.1583353977695953
-0.21584555962404894
-0.1764396349929483
-0.24225438341141828
-0.1583353977695953
-0.215845559624049
-0.1348830690737567
-0.1900594170045135
-0.15180204424422916
-0.2155096779027179
-0.13488306907375666
-0.19005941700451354
-0.11042088168613126
-0.16174594032446005
-0.12579316126013204
-0.18558440976756913
-0.11042088168613125
-0.16174594032446005
-0.08620086839706795
-0.13250701406712462
-0.09977908841607498
-0.154231033843849
-0.08620086839706798
-0.1325070140671247
-0.06342503695703543
-0.10389794418355039
-0.075079108211663
-0.12316582998361428
-0.06342503695703545
-0.10389794418355033
-0.04320330671243617
-0.07738542241830906
-0.05291966027996456
-0.09402099295656662
-0.04320330671243613
-0.07738542241830901
-0.026512536320542998
-0.05430091868162285
-0.03438934670999404
-0.06829209466743874
-0.0265125363205431
-0.05430091868162286
-0.014159155381188938
-0.03579412292077892
-0.020397587913358054
-0.04728557341507264
-0.014159155381188834
-0.03579412292077889
-0.006747549633991744
-0.022790228267478122
-0.011639246881993739
-0.03207025317898763
-0.006747549633991747
-0.02279022826747813
-0.00465607017340168
-0.015954378513621234
-0.008567287880618103
-0.023436500058775962
-0.004656070173401804
-0.01595437851362122
-0.008022202198438551
-0.0156660823852398
-0.01137519652740117
-0.021866093800567567
-0.008022202198438504
-0.01566608238523979
-0.016737963655815938
-0.022005643812391586
-0.01999039050546638
-0.027515078160468807
-0.016737963655815973
-0.02200564381239167
-0.0304560049709463
-0.03475367804759364
-0.03407919808231143
-0.040210792868475356
-0.030456004970946415
-0.034753678047593696
-0.04860620683254235
-0.05340371758206332
-0.053063245929236745
-0.059463149130756274
-0.048606206832542236
-0.053403717582063324
-0.07042192043780789
-0.07718695668906385
-0.0761463876419189
-0.08448920426750321
-0.07042192043780786
-0.07718695668906381
-0.09497446286319951
-0.10510751226477658
-0.10235072862985198
-0.11424939564733043
-0.09497446286319934
-0.10510751226477653
-0.12121413600141838
-0.13598627241438177
-0.13055993235742758
-0.14749348091868694
-0.12121413600141835
-0.1359862724143818
-0.14801589202630028
-0.1685114179486233
-0.15956783590826104
-0.1828142382088037
-0.14801589202630017
-0.1685114179486232
-0.17422777465646708
-0.20129387914726452
-0.18813040469932799
-0.21870713252719257
-0.17422777465646727
-0.20129387914726468
-0.19872033848123044
-0.23292612526372125
-0.21501912210174906
-0.25363423818820385
-0.19872033848123033
-0.23292612526372122
-0.22043530158382657
-0.2620426117245603
-0.23907394582112623
-0.2860905599947073
-0.22043530158382654
-0.26204261172456006
-0.23843166994085732
-0.2873798815559903
-0.25925391817221144
-0.3146704865364996
-0.23843166994085707
-0.28737988155599004
-0.2519274963276658
-0.3078338298918177
-0.2746834082225279
-0.3381315567690518
-0.2519274963276658
-0.3078338298918174
