1.682902656224929405e-01
2.140421296113341754e-01
2.469791492968344271e-01
2.760780950670672085e-01
3.017196213867381349e-01
3.233055201614634666e-01
3.430650950489199658e-01
3.617996288759528500e-01
3.782699482022631732e-01
3.927706048512108472e-01
4.055537919367318000e-01
4.168310277449768786e-01
4.267843369275927112e-01
4.355719195287709455e-01
4.433320332325410562e-01
4.489409271844067018e-01
4.508888690930309973e-01
4.546055845270965956e-01
4.582816950068354656e-01
4.622004876967710785e-01
